acs_dataprofile_prcnt_and_est_vars <-
    c(
        "married_hh" = "DP02_0002",
        "cohabit_hh" = "DP02_0004",
        "male_hhr_no_partner_hh" = "DP02_0006",
        "male_hhr_no_partner_living_alone_hh" = "DP02_0008",
        "female_hhr_no_partner_hh" = "DP02_0010",
        "female_hhr_no_partner_living_alone_hh" = "DP02_0012",
        "male_15_and_older_married" = "DP02_0027",
        "female_15_and_older_married" = "DP02_0033",
        "grandparents_responsible_for_grandchildren" = "DP02_0045",
        "some_college_no_degree" = "DP02_0063",
        "hs_or_higher" = "DP02_0067",
        "bachelor_or_higher" = "DP02_0068",
        "veterans" = "DP02_0070",
        "disability" = "DP02_0072",
        "lived_in_same_house_1_year_ago" = "DP02_0080",
        "native_born" = "DP02_0089",
        "foreign_born" = "DP02_0094",
        "foreign_born_citizen" = "DP02_0096",
        "foreign_born_not_citizen" = "DP02_0097",
        "speaks_english_only" = "DP02_0113",
        "labor_force_16_and_older" = "DP03_0002",
        "employment_population_16_and_older_ratio" = "DP03_0004",
        "female_16_and_older_labor_force" = "DP03_0011",
        "female_employment_population_16_and_older_ratio" = "DP03_0013",
        "all_parents_in_labor_force_with_children_under_6" = "DP03_0015",
        "all_parents_in_labor_force_with_children_6_and_17" = "DP03_0017",
        "hh_income_less_than_10k" = "DP03_0052",
        "hh_income_10k_15k" = "DP03_0053",
        "hh_income_15k_25k" = "DP03_0054",
        "hh_income_25k_35k" = "DP03_0055",
        "hh_income_35k_50k" = "DP03_0056",
        "hh_income_50k_75k" = "DP03_0057",
        "hh_income_75k_100k" = "DP03_0058",
        "hh_income_100k_150k" = "DP03_0059",
        "hh_income_150k_200k" = "DP03_0060",
        "hh_income_200k_more" = "DP03_0061",
        "hh_with_earnings" = "DP03_0064",
        "hh_with_social_security" = "DP03_0066",
        "hh_with_retirement" = "DP03_0068",
        "hh_with_ssi" = "DP03_0070", 
        "hh_with_cash_public_asst" = "DP03_0072",
        "hh_with_snap" ="DP03_0074",
        "family_income_less_than_10k" = "DP03_0076",
        "family_income_10k_15k" = "DP03_0077",
        "family_income_15k_25k" = "DP03_0078",
        "family_income_25k_35k" = "DP03_0079",
        "family_income_35k_50k" = "DP03_0080",
        "family_income_50k_75k" = "DP03_0081",
        "family_income_75k_100k" = "DP03_0082",
        "family_income_100k_150k" = "DP03_0083",
        "family_income_150k_200k" = "DP03_0084",
        "family_income_200k_more" = "DP03_0085",
        "health_insurance" = "DP03_0096",
        "no_health_insurance_under_19" = "DP03_0101",
        "occupied_housing_units" = "DP04_0002",
        "owner_occupied" = "DP04_0046",
        "moved_in_2021_or_later" ="DP04_0051",
        "moved_in_2018_2020" = "DP04_0052",
        "moved_in_2010_2017" = "DP04_0053",
        "moved_in_2000_2009" = "DP04_0054",
        "moved_in_1990_1999" = "DP04_0055",
        "moved_in_1989_or_earlier" = "DP04_0056",
        "lacks_complete_plumbing" = "DP04_0073",
        "lacks_complete_kitchen" = "DP04_0074",
        "lacks_telephone" = "DP04_0075",
        "one_occupant_per_room_or_less" = "DP04_0077",
        "one_to_one_point_five_per_room" = "DP04_0078",
        "more_than_one_point_five_per_room" = "DP04_0079",
        "hu_with_mortage_costs_less_than_20_prcnt_income" = "DP04_0111",
        "hu_with_mortage_costs_20_to_25_prcnt_income" = "DP04_0112",
        "hu_with_mortage_costs_25_to_30_prcnt_income" = "DP04_0113",
        "hu_with_mortage_costs_30_to_35_prcnt_income" = "DP04_0114",
        "hu_with_mortage_costs_more_than_35_prcnt_income" = "DP04_0115",
        "hu_without_mortage_costs_less_than_10_prcnt_income" = "DP04_0118",
        "hu_without_mortage_costs_10_to_15_prcnt_income" = "DP04_0119",
        "hu_without_mortage_costs_15_to_20_prcnt_income" = "DP04_0120",
        "hu_without_mortage_costs_20_to_25_prcnt_income" = "DP04_0121",
        "hu_without_mortage_costs_25_to_30_prcnt_income" = "DP04_0122",
        "hu_without_mortage_costs_30_to_35_prcnt_income" = "DP04_0123",
        "hu_without_mortage_costs_more_than_35_prcnt" = "DP04_0124",
        "rent_less_than_15_prcnt_income" = "DP04_0137",
        "rent_15_to_20_prcnt_income" = "DP04_0138",
        "rent_20_to_25_prcnt_income" = "DP04_0139",
        "rent_25_to_30_prcnt_income" = "DP04_0140",
        "rent_30_to_35_prcnt_income" = "DP04_0141",
        "rent_more_than_35_prcnt_income" = "DP04_0142",
        "male" = "DP05_0002",
        "female" = "DP05_0003",
        "under_18" = "DP05_0019",
        "hispanic" = "DP05_0076",
        "white_alone_not_hispanic" = "DP05_0082",
        "black_alone_not_hispanic" = "DP05_0083",
        "aian_alone_not_hispanic" = "DP05_0084",
        "asian_alone_not_hispanic" = "DP05_0085",
        "nhopi_alone_not_hispanic" = "DP05_0086",
        "other_alone_not_hispanic" = "DP05_0087",
        "multiracial_not_hispanic" = "DP05_0088"
    )

acs_dataprofile_est_vars <-
    c(
        "total_hh" = "DP02_0001",
        "avg_hh" = "DP02_0016",
        "avg_family" = "DP02_0017",
        "male_15_and_older" = "DP02_0025",
        "female_15_and_older" = "DP02_0031",
        "female_15_to_50_birth" = "DP02_0037",
        "female_15_to_50_birth_unmarried" = "DP02_0038",
        "births_per_1000_unmarried_women_15_to_50" = "DP02_0039",
        "births_per_1000_women_15_to_50" = "DP02_0040",
        "births_per_1000_women_15_to_19" = "DP02_0041",
        "births_per_1000_women_20_to_34" = "DP02_0042",
        "births_per_1000_women_35_to_50" = "DP02_0043",
        "grandparents_living_with_own_grandchildren_under_18" = "DP02_0044",
        "pop_25_and_older" = "DP02_0059",
        "civ_pop_18_and_older" = "DP02_0069",
        "pop_total_civilian_noninst" = "DP02_0071",
        "pop_1_and_older" = "DP02_0079",
        "total_population" = "DP02_0088",
        "pop_5_and_older" = "DP02_0112",
        "pop_16_and_older" = "DP03_0001",
        "civilian_labor_force" = "DP03_0008",
        "unemployment" = "DP03_0005",
        "females_16_and_older" = "DP03_0010",
        "hh_with_own_children_under_6" = "DP03_0014",
        "hh_with_own_children_6_and_17" = "DP03_0016",
        "median_hh_income" = "DP03_0062",
        "mean_hh_income" = "DP03_0063",
        "mean_earnings" = "DP02_0065",
        "mean_social_security" = "DP02_0067",
        "mean_retirement" = "DP02_0069",
        "mean_ssi" = "DP02_0071",
        "mean_cash_public_asst" = "DP03_0073",
        "total_families" = "DP03_0075",
        "median_family_income" = "DP03_0086",
        "mean_family_income" = "DP03_0087",
        "median_earnings" = "DP03_0092",
        "male_fulltime_median_earnings" = "DP03_0093",
        "female_fulltime_median_earnings" = "DP03_0094",
        "pop_total_civilian_noninst_under_19" = "DP03_0100",
        "total_housing_units" = "DP04_0001",
        "homeowner_vacancy_rate"= "DP04_0004",
        "rental_vacancy_rate" = "DP04_0005",
        "avg_hh_size_owner" = "DP04_0048",
        "avg_hh_size_renter" = "DP04_0049",
        "hu_with_mortage_exclude_noncomputed" = "DP04_0110",
        "hu_with_mortage_not_computed" = "DP04_0116",
        "hu_without_mortage_exclude_noncomputed" = "DP04_0117",
        "hu_without_mortage_not_computed" = "DP04_0125",
        "occupied_units_paying_rent_exclude_noncomputed"= "DP04_0136",
        "rent_not_computed" = "DP04_0143",
        "sex_ratio" = "DP05_0004",
        "median_age" = "DP05_0018",
        "male_over_18" = "DP05_0026",
        "female_over_18" = "DP05_0027",
        "sex_ratio_over_18" = "DP05_0028"
    )

